Bound
513.6 118.4
508.8 117.6
500.8 116.0
490.4 113.6
482.4 111.2
468.8 108.8
451.2 105.6
433.6 105.6
384.8 105.6
353.6 110.4
324.8 116.0
292.8 123.2
269.6 130.4
244.0 135.2
226.4 142.4
212.0 146.4
200.8 148.8
192.0 151.2
178.4 157.6
168.0 159.2
164.8 160.0
161.6 161.6
160.0 162.4
156.0 164.8
154.4 166.4
152.0 167.2
151.2 168.0
149.6 169.6
148.8 172.0
148.0 172.8
147.2 172.8
147.2 173.6
145.6 178.4
140.0 190.4
134.4 198.4
131.2 204.8
127.2 213.6
122.4 224.0
119.2 231.2
115.2 239.2
110.4 246.4
108.0 252.0
105.6 259.2
104.0 264.8
100.0 272.8
97.6 281.6
95.2 289.6
92.8 298.4
90.4 308.0
88.0 316.8
86.4 329.6
85.6 342.4
85.6 355.2
85.6 368.0
85.6 382.4
85.6 398.4
85.6 412.8
87.2 422.4
91.2 432.8
92.0 440.8
92.8 444.8
95.2 451.2
96.8 454.4
100.0 459.2
101.6 460.8
105.6 464.8
110.4 468.8
121.6 476.8
136.8 485.6
148.8 492.0
168.8 499.2
189.6 507.2
215.2 513.6
228.8 516.0
252.8 522.4
285.6 526.4
311.2 528.0
356.8 528.0
372.0 527.2
386.4 526.4
404.0 523.2
418.4 519.2
433.6 515.2
452.0 511.2
466.4 508.8
480.8 505.6
494.4 500.8
505.6 496.8
520.0 492.8
533.6 487.2
546.4 483.2
560.0 478.4
573.6 471.2
586.4 464.8
600.0 455.2
612.0 446.4
620.8 438.4
631.2 430.4
640.0 423.2
648.8 416.8
655.2 412.0
662.4 403.2
675.2 385.6
684.0 368.0
688.0 362.4
690.4 354.4
693.6 345.6
695.2 332.0
695.2 320.8
695.2 312.8
695.2 303.2
693.6 289.6
688.8 264.0
681.6 230.4
676.8 203.2
673.6 191.2
667.2 162.4
663.2 144.0
660.8 124.8
657.6 116.0
654.4 106.4
653.6 101.6
651.2 99.2
649.6 95.2
647.2 93.6
645.6 91.2
643.2 89.6
641.6 88.0
639.2 85.6
636.0 83.2
633.6 81.6
629.6 80.0
627.2 79.2
624.8 76.8
620.8 76.0
619.2 75.2
617.6 74.4
616.0 74.4
615.2 74.4
614.4 74.4
612.8 74.4
612.0 74.4
611.2 74.4
610.4 74.4
609.6 74.4
608.8 74.4
