Bound
226.4 175.2
226.4 171.2
226.4 168.0
225.6 164.8
224.0 162.4
221.6 158.4
217.6 155.2
215.2 152.8
212.0 148.8
208.0 146.4
204.0 144.8
200.0 142.4
194.4 140.0
190.4 138.4
185.6 137.6
180.0 137.6
172.0 137.6
164.0 137.6
156.8 141.6
150.4 143.2
144.8 145.6
137.6 149.6
132.0 153.6
124.8 158.4
120.0 164.8
114.4 168.8
109.6 176.0
103.2 182.4
100.0 188.0
96.8 193.6
92.0 200.8
84.8 215.2
80.8 223.2
79.2 230.4
77.6 236.8
76.8 242.4
76.0 247.2
76.0 259.2
77.6 278.4
83.2 295.2
87.2 302.4
97.6 324.8
108.8 346.4
116.0 362.4
134.4 385.6
149.6 402.4
163.2 416.8
169.6 424.8
178.4 430.4
209.6 456.8
220.0 464.8
229.6 472.0
239.2 478.4
249.6 485.6
258.4 488.8
268.8 492.8
276.8 496.0
285.6 500.0
292.8 502.4
300.8 503.2
308.8 504.8
316.8 504.8
325.6 504.8
333.6 504.8
340.0 504.0
346.4 503.2
352.0 502.4
360.8 500.0
368.8 496.0
376.0 492.8
386.4 488.8
393.6 484.0
400.8 479.2
409.6 474.4
418.4 468.0
427.2 461.6
437.6 452.8
448.0 441.6
458.4 432.8
466.4 424.0
475.2 413.6
483.2 405.6
488.8 398.4
501.6 384.0
510.4 372.0
513.6 366.4
516.0 362.4
519.2 356.8
523.2 344.8
529.6 328.8
534.4 304.0
536.8 284.8
537.6 279.2
539.2 272.8
540.8 268.8
541.6 263.2
541.6 260.0
541.6 256.0
543.2 252.8
543.2 248.8
543.2 244.0
544.0 240.8
544.0 234.4
544.0 228.8
544.0 222.4
544.0 216.0
544.0 208.0
544.0 201.6
544.0 196.8
544.0 192.0
544.0 188.8
544.0 186.4
544.0 184.0
544.0 182.4
544.0 181.6
544.0 180.0
544.0 178.4
543.2 176.0
541.6 173.6
539.2 170.4
537.6 166.4
534.4 162.4
529.6 159.2
527.2 155.2
522.4 152.0
512.8 143.2
500.0 136.0
492.8 131.2
487.2 129.6
480.0 127.2
468.0 122.4
456.0 117.6
442.4 116.0
433.6 114.4
419.2 113.6
406.4 113.6
394.4 114.4
388.8 116.0
382.4 117.6
376.8 121.6
369.6 124.0
365.6 125.6
360.0 128.0
356.0 129.6
350.4 132.8
348.0 135.2
344.0 136.8
338.4 140.0
334.4 144.8
327.2 148.0
321.6 152.8
313.6 159.2
308.0 163.2
302.4 169.6
297.6 175.2
290.4 182.4
284.8 192.8
279.2 201.6
273.6 210.4
268.8 217.6
265.6 223.2
262.4 232.0
257.6 237.6
253.6 244.8
252.0 249.6
249.6 256.8
246.4 260.8
244.0 266.4
243.2 268.8
242.4 272.8
241.6 274.4
240.8 276.0
240.0 277.6
237.6 282.4
236.0 285.6
235.2 285.6
234.4 287.2
233.6 288.8
232.0 290.4
229.6 292.0
228.8 293.6
228.0 293.6
226.4 293.6
224.8 293.6
223.2 293.6
221.6 293.6
220.0 293.6
218.4 292.8
214.4 292.0
212.8 291.2
210.4 290.4
207.2 289.6
204.8 288.8
202.4 286.4
199.2 284.0
195.2 281.6
193.6 277.6
192.0 274.4
189.6 272.0
187.2 270.4
185.6 267.2
184.0 265.6
183.2 264.0
182.4 262.4
181.6 260.0
180.8 259.2
180.0 258.4
178.4 256.8
177.6 255.2
176.8 253.6
176.0 249.6
175.2 247.2
174.4 244.8
172.8 240.8
172.0 237.6
172.0 236.0
172.0 233.6
172.0 232.8
172.0 231.2
172.0 230.4
172.0 227.2
172.0 221.6
172.0 216.0
172.0 212.8
172.8 208.0
172.8 205.6
172.8 204.0
172.8 201.6
172.8 200.8
172.8 200.0
173.6 199.2
174.4 198.4
175.2 198.4
176.0 197.6
176.8 196.8
178.4 195.2
178.4 194.4
179.2 193.6
180.0 192.8
180.8 192.8
181.6 192.0
182.4 191.2
183.2 190.4
183.2 189.6
184.0 188.8
185.6 187.2
186.4 187.2
187.2 187.2
188.0 187.2
188.8 187.2
189.6 187.2
190.4 187.2
191.2 187.2
193.6 187.2
194.4 187.2
195.2 187.2
196.0 187.2
196.8 187.2
198.4 187.2
200.0 187.2
200.8 187.2
201.6 187.2
202.4 187.2
203.2 187.2
204.0 187.2
204.8 187.2
206.4 187.2
207.2 187.2
208.0 187.2
208.8 187.2
209.6 187.2
210.4 187.2
211.2 187.2
212.0 187.2
212.8 187.2
214.4 187.2
215.2 187.2
216.0 187.2
216.0 186.4
216.8 186.4
216.8 185.6
216.8 184.8
216.8 184.0
217.6 184.0
218.4 184.0
218.4 183.2
219.2 182.4
219.2 180.8
Bound
419.2 304.8
416.8 303.2
413.6 301.6
409.6 298.4
405.6 295.2
403.2 293.6
399.2 291.2
395.2 289.6
392.8 288.0
388.8 284.8
384.8 282.4
381.6 281.6
378.4 280.8
375.2 280.0
372.8 279.2
369.6 278.4
366.4 276.8
364.0 276.0
359.2 274.4
355.2 274.4
350.4 274.4
347.2 274.4
340.8 274.4
336.0 274.4
331.2 274.4
326.4 274.4
320.8 274.4
312.0 276.0
308.0 277.6
304.8 278.4
299.2 280.0
296.0 280.8
292.0 281.6
286.4 283.2
280.0 284.8
273.6 288.8
271.2 289.6
268.0 292.0
263.2 293.6
260.0 297.6
259.2 298.4
257.6 300.0
256.8 300.0
256.0 300.8
255.2 302.4
254.4 304.0
253.6 305.6
252.8 307.2
252.0 308.8
250.4 312.0
249.6 313.6
248.8 315.2
248.0 316.8
246.4 319.2
246.4 320.8
246.4 322.4
246.4 323.2
246.4 324.0
246.4 324.8
246.4 325.6
246.4 327.2
246.4 328.0
246.4 329.6
246.4 331.2
246.4 332.8
246.4 335.2
246.4 336.8
246.4 340.0
246.4 342.4
246.4 344.0
246.4 345.6
246.4 347.2
246.4 350.4
246.4 353.6
246.4 355.2
246.4 356.0
246.4 359.2
246.4 360.8
248.0 365.6
251.2 371.2
252.8 376.0
254.4 379.2
255.2 380.8
256.0 383.2
256.8 384.8
257.6 386.4
259.2 388.0
260.0 388.8
260.8 389.6
262.4 390.4
263.2 392.0
264.8 392.8
265.6 393.6
267.2 394.4
268.8 395.2
269.6 396.0
270.4 396.8
272.8 397.6
272.8 398.4
275.2 400.0
288.0 400.0
290.4 400.0
291.2 400.0
292.0 400.0
292.8 400.0
293.6 400.0
295.2 400.0
296.8 400.0
297.6 400.0
299.2 398.4
301.6 395.2
308.0 386.4
310.4 382.4
315.2 376.0
316.8 373.6
317.6 372.8
318.4 372.0
318.4 370.4
318.4 369.6
319.2 368.8
319.2 368.0
319.2 367.2
320.0 367.2
320.8 366.4
321.6 365.6
322.4 364.8
323.2 364.8
324.0 364.8
324.8 363.2
325.6 363.2
326.4 362.4
327.2 362.4
327.2 361.6
328.8 361.6
329.6 360.8
330.4 360.0
331.2 359.2
332.0 359.2
332.0 358.4
332.8 358.4
333.6 358.4
334.4 357.6
336.0 357.6
336.8 357.6
337.6 356.0
338.4 356.0
340.0 355.2
340.8 354.4
341.6 353.6
344.0 353.6
345.6 353.6
347.2 352.8
352.8 352.8
355.2 352.8
358.4 352.8
361.6 352.8
364.8 352.8
368.8 352.8
372.0 352.8
377.6 353.6
379.2 353.6
380.8 353.6
382.4 354.4
384.0 354.4
386.4 354.4
387.2 354.4
388.8 354.4
389.6 354.4
391.2 354.4
392.8 354.4
393.6 354.4
395.2 354.4
396.0 354.4
397.6 354.4
399.2 354.4
400.0 354.4
401.6 354.4
402.4 354.4
403.2 354.4
404.0 354.4
404.8 353.6
406.4 352.8
407.2 352.0
407.2 351.2
408.0 350.4
408.8 349.6
409.6 348.8
411.2 348.0
412.0 347.2
413.6 346.4
414.4 344.8
415.2 344.0
416.0 344.0
417.6 342.4
417.6 341.6
417.6 340.8
417.6 340.0
417.6 338.4
417.6 337.6
417.6 336.8
417.6 335.2
417.6 334.4
417.6 332.8
417.6 330.4
417.6 327.2
417.6 325.6
417.6 324.8
417.6 324.0
417.6 323.2
417.6 322.4
417.6 321.6
417.6 320.0
417.6 319.2
417.6 318.4
417.6 317.6
417.6 316.8
417.6 316.0
417.6 314.4
417.6 312.8
417.6 312.0
417.6 311.2
417.6 310.4
417.6 309.6
417.6 308.8
416.8 308.8
416.0 308.8
