Bound
405.6 61.6
400.8 61.6
392.8 60.0
384.8 60.0
379.2 60.0
372.8 60.0
368.0 60.0
363.2 60.0
359.2 60.0
354.4 60.0
351.2 60.0
348.8 60.0
344.8 60.0
342.4 60.0
340.0 60.0
337.6 60.0
336.0 60.0
334.4 60.8
332.8 60.8
331.2 60.8
328.0 61.6
325.6 62.4
323.2 64.0
319.2 64.0
316.0 64.8
308.8 65.6
304.0 66.4
296.8 68.0
292.0 68.8
286.4 69.6
283.2 72.0
277.6 72.8
271.2 74.4
263.2 78.4
260.8 79.2
256.8 82.4
254.4 83.2
251.2 84.8
246.4 86.4
243.2 88.8
240.8 89.6
239.2 92.8
236.0 96.0
231.2 100.8
225.6 109.6
223.2 112.8
220.8 116.0
219.2 120.0
216.8 124.0
214.4 129.6
212.0 132.8
210.4 135.2
208.0 139.2
207.2 140.8
206.4 142.4
205.6 144.0
204.0 146.4
203.2 148.0
202.4 149.6
201.6 151.2
200.8 153.6
200.0 156.0
199.2 157.6
198.4 158.4
197.6 159.2
197.6 160.0
197.6 160.8
197.6 161.6
196.0 162.4
196.0 164.0
195.2 166.4
195.2 167.2
195.2 168.8
195.2 173.6
195.2 176.0
192.8 184.8
192.0 189.6
191.2 193.6
191.2 196.0
190.4 202.4
188.8 208.8
187.2 213.6
186.4 223.2
184.8 232.0
183.2 240.8
183.2 244.8
183.2 248.0
183.2 250.4
183.2 252.0
183.2 254.4
183.2 256.0
183.2 257.6
183.2 258.4
183.2 259.2
183.2 260.0
183.2 260.8
183.2 261.6
183.2 263.2
183.2 264.8
183.2 268.0
184.0 272.8
184.8 276.0
185.6 281.6
185.6 284.8
185.6 288.0
186.4 292.8
188.8 296.8
188.8 301.6
188.8 304.0
188.8 306.4
188.8 310.4
188.8 312.8
188.8 316.0
188.8 320.8
188.8 328.0
188.8 334.4
188.8 339.2
188.8 343.2
188.8 348.0
188.8 356.0
188.8 360.8
188.8 365.6
188.8 366.4
188.8 369.6
188.8 372.8
187.2 376.0
184.8 382.4
183.2 385.6
182.4 387.2
181.6 388.8
180.8 391.2
180.8 392.8
179.2 394.4
179.2 395.2
178.4 396.0
178.4 396.8
178.4 397.6
177.6 398.4
177.6 399.2
177.6 400.0
176.8 400.8
176.0 402.4
175.2 403.2
174.4 405.6
173.6 405.6
172.0 406.4
171.2 407.2
171.2 408.0
170.4 408.8
169.6 409.6
168.8 410.4
168.0 410.4
167.2 412.0
166.4 412.8
166.4 413.6
166.4 414.4
164.8 415.2
164.8 416.0
164.0 416.8
162.4 416.8
160.8 417.6
160.0 419.2
159.2 419.2
157.6 419.2
154.4 419.2
150.4 419.2
148.0 419.2
145.6 419.2
140.8 419.2
136.8 419.2
131.2 419.2
124.8 419.2
122.4 419.2
120.0 420.0
116.0 420.8
110.4 421.6
105.6 424.0
102.4 425.6
99.2 426.4
96.0 428.0
92.8 429.6
88.8 431.2
87.2 432.0
85.6 432.8
84.0 433.6
80.8 434.4
79.2 436.0
77.6 436.8
76.0 437.6
75.2 438.4
72.8 439.2
72.8 440.0
72.0 440.8
71.2 441.6
70.4 444.0
69.6 445.6
68.8 447.2
68.0 448.8
66.4 450.4
65.6 452.8
63.2 456.0
62.4 457.6
61.6 460.0
60.8 462.4
60.0 464.0
59.2 465.6
57.6 468.0
56.8 469.6
56.0 472.0
55.2 473.6
54.4 475.2
54.4 479.2
54.4 480.8
54.4 482.4
54.4 484.0
54.4 485.6
54.4 487.2
54.4 488.8
54.4 490.4
54.4 492.0
54.4 492.8
54.4 494.4
54.4 496.8
54.4 499.2
56.8 504.8
58.4 506.4
59.2 507.2
59.2 508.0
60.0 509.6
60.8 511.2
61.6 512.0
62.4 512.8
63.2 513.6
64.0 514.4
65.6 515.2
66.4 517.6
67.2 519.2
68.0 520.8
68.8 522.4
70.4 524.0
72.0 527.2
75.2 528.8
76.8 530.4
78.4 532.0
80.0 533.6
82.4 536.8
83.2 537.6
85.6 538.4
87.2 540.0
88.0 540.8
88.0 541.6
88.8 541.6
90.4 541.6
91.2 541.6
92.8 543.2
96.0 544.8
98.4 545.6
100.0 546.4
102.4 547.2
110.4 548.8
120.0 554.4
132.0 557.6
137.6 558.4
148.0 560.8
161.6 564.0
171.2 564.8
175.2 564.8
180.0 564.8
182.4 564.8
184.8 564.8
188.8 564.8
190.4 564.8
192.0 564.8
192.8 564.8
196.0 564.8
198.4 564.8
200.8 564.8
203.2 564.8
207.2 564.8
209.6 564.8
214.4 564.8
217.6 564.8
220.8 564.8
225.6 564.0
228.0 564.0
230.4 562.4
234.4 561.6
236.8 560.8
240.0 560.0
243.2 558.4
245.6 558.4
248.8 557.6
251.2 556.8
253.6 556.0
256.8 555.2
263.2 550.4
265.6 548.8
269.6 546.4
272.8 542.4
280.0 536.8
290.4 525.6
293.6 520.8
296.8 516.0
300.0 512.8
301.6 509.6
303.2 506.4
304.8 502.4
306.4 499.2
311.2 492.8
312.0 490.4
313.6 487.2
316.0 482.4
317.6 479.2
320.0 474.4
320.8 472.0
321.6 469.6
322.4 465.6
323.2 463.2
324.0 461.6
324.8 457.6
326.4 455.2
328.8 452.0
330.4 449.6
332.0 445.6
334.4 441.6
337.6 436.0
340.0 430.4
341.6 425.6
344.0 421.6
347.2 416.8
349.6 412.0
351.2 408.0
352.8 404.0
355.2 400.0
357.6 396.8
360.0 394.4
361.6 392.0
364.8 386.4
368.8 382.4
371.2 378.4
372.8 374.4
374.4 371.2
379.2 366.4
380.8 364.0
382.4 362.4
384.0 360.8
386.4 357.6
392.0 354.4
398.4 350.4
404.8 346.4
408.0 345.6
412.8 344.0
417.6 342.4
424.0 340.0
426.4 338.4
428.8 337.6
433.6 337.6
437.6 337.6
442.4 337.6
445.6 337.6
450.4 337.6
454.4 337.6
456.8 337.6
460.0 337.6
463.2 337.6
466.4 337.6
471.2 337.6
475.2 337.6
480.0 337.6
484.8 338.4
491.2 338.4
495.2 339.2
500.8 341.6
504.0 342.4
509.6 343.2
512.8 344.0
518.4 344.8
521.6 344.8
525.6 344.8
532.0 346.4
535.2 347.2
540.0 347.2
544.0 347.2
551.2 347.2
553.6 347.2
557.6 347.2
560.8 347.2
564.0 347.2
568.8 347.2
574.4 347.2
580.8 345.6
584.8 344.0
587.2 343.2
590.4 340.8
594.4 338.4
596.8 336.8
603.2 332.8
608.8 328.8
617.6 322.4
624.0 317.6
628.8 310.4
636.0 303.2
639.2 297.6
644.8 288.0
646.4 285.6
648.0 283.2
649.6 279.2
652.0 276.0
653.6 272.8
654.4 267.2
656.8 263.2
657.6 258.4
658.4 255.2
659.2 252.8
661.6 248.8
662.4 246.4
663.2 244.0
664.0 240.0
664.0 237.6
664.8 232.8
664.8 228.8
664.8 225.6
664.8 220.8
664.8 216.8
664.8 212.0
664.8 208.8
664.8 204.8
664.8 200.0
664.0 196.8
663.2 191.2
660.0 182.4
657.6 178.4
656.8 172.8
654.4 168.8
652.8 164.8
648.8 156.8
644.8 140.8
642.4 132.8
640.0 125.6
636.0 118.4
633.6 112.0
632.8 108.0
630.4 101.6
628.0 98.4
626.4 95.2
624.0 93.6
623.2 92.0
621.6 91.2
619.2 91.2
618.4 91.2
616.0 90.4
614.4 90.4
612.0 89.6
611.2 88.8
609.6 87.2
608.0 86.4
606.4 85.6
604.8 84.8
603.2 84.0
602.4 83.2
600.8 82.4
600.0 81.6
598.4 81.6
596.0 79.2
594.4 78.4
592.8 78.4
591.2 77.6
589.6 77.6
586.4 76.8
584.8 76.0
584.0 76.0
582.4 76.0
579.2 76.0
577.6 76.0
576.8 76.0
575.2 76.0
574.4 76.0
571.2 76.0
570.4 76.0
568.8 76.0
567.2 76.0
565.6 76.0
560.8 74.4
557.6 72.8
553.6 70.4
552.0 69.6
548.8 68.0
544.0 65.6
541.6 65.6
538.4 64.8
536.8 64.0
535.2 64.0
533.6 64.0
532.8 64.0
529.6 64.0
528.0 64.0
526.4 64.0
525.6 64.0
524.8 64.0
522.4 64.0
521.6 64.0
520.8 64.0
520.0 64.0
519.2 64.0
517.6 64.0
516.0 64.0
515.2 62.4
514.4 61.6
512.8 61.6
512.0 61.6
510.4 60.8
508.0 59.2
506.4 58.4
504.8 57.6
503.2 56.8
502.4 56.8
501.6 56.8
500.0 56.8
499.2 56.8
498.4 56.8
497.6 56.8
496.8 56.8
496.0 56.8
495.2 56.8
Bound
515.2 185.6
513.6 181.6
506.4 172.0
498.4 162.4
488.8 155.2
477.6 148.8
472.0 145.6
470.4 144.0
468.8 143.2
467.2 142.4
464.8 142.4
464.0 142.4
462.4 142.4
461.6 142.4
460.8 142.4
460.0 142.4
457.6 142.4
456.0 142.4
454.4 142.4
452.8 142.4
451.2 141.6
448.0 141.6
444.8 141.6
442.4 141.6
439.2 141.6
436.0 141.6
433.6 141.6
430.4 141.6
428.0 141.6
424.8 141.6
420.0 141.6
417.6 141.6
414.4 141.6
411.2 141.6
408.8 142.4
407.2 143.2
404.8 145.6
403.2 146.4
401.6 147.2
400.0 148.0
396.8 148.8
395.2 149.6
394.4 150.4
393.6 151.2
392.8 152.8
392.0 153.6
388.0 155.2
385.6 158.4
383.2 161.6
379.2 164.8
376.8 168.0
375.2 172.8
374.4 174.4
372.8 176.0
371.2 177.6
370.4 179.2
369.6 180.8
369.6 181.6
368.8 183.2
368.0 185.6
365.6 187.2
363.2 188.8
361.6 192.0
359.2 195.2
358.4 197.6
357.6 199.2
356.8 200.8
355.2 202.4
354.4 204.8
353.6 206.4
352.8 207.2
352.0 208.8
351.2 209.6
351.2 210.4
351.2 211.2
351.2 212.0
351.2 212.8
351.2 213.6
351.2 214.4
351.2 215.2
351.2 216.8
351.2 218.4
351.2 220.0
351.2 220.8
351.2 221.6
351.2 226.4
352.8 228.8
353.6 229.6
356.0 231.2
360.0 236.0
365.6 239.2
370.4 244.0
377.6 248.8
381.6 250.4
384.8 252.8
388.0 254.4
389.6 255.2
392.0 256.0
393.6 256.8
396.0 257.6
397.6 258.4
405.6 259.2
407.2 259.2
408.0 259.2
408.8 259.2
409.6 259.2
410.4 259.2
412.0 258.4
415.2 257.6
416.8 256.8
419.2 256.0
421.6 255.2
425.6 254.4
427.2 252.8
428.8 252.0
430.4 250.4
433.6 249.6
435.2 248.8
436.8 248.0
438.4 247.2
443.2 244.0
446.4 240.8
450.4 237.6
452.8 236.0
455.2 234.4
456.8 232.0
460.8 228.0
462.4 226.4
463.2 226.4
464.0 224.8
464.8 224.0
465.6 222.4
468.0 221.6
469.6 221.6
470.4 221.6
471.2 221.6
472.0 220.8
472.8 220.8
474.4 220.8
475.2 220.0
476.0 219.2
476.8 217.6
478.4 216.8
480.0 216.0
481.6 215.2
484.0 214.4
485.6 213.6
487.2 212.8
488.8 212.0
491.2 211.2
493.6 208.8
495.2 208.0
496.8 207.2
497.6 207.2
499.2 206.4
500.0 205.6
500.8 204.8
501.6 204.0
502.4 204.0
503.2 204.0
504.0 204.0
504.8 204.0
505.6 203.2
506.4 201.6
507.2 200.8
508.8 200.0
508.8 199.2
509.6 198.4
510.4 197.6
512.0 196.8
512.8 196.0
514.4 196.0
515.2 193.6
516.0 192.8
516.0 192.0
516.0 190.4
516.0 189.6
516.0 188.8
Bound
293.6 150.4
291.2 149.6
288.0 148.8
284.8 148.0
281.6 147.2
279.2 147.2
276.0 147.2
274.4 147.2
272.8 147.2
271.2 147.2
269.6 147.2
267.2 147.2
265.6 147.2
264.0 147.2
262.4 148.0
259.2 148.8
257.6 149.6
256.0 150.4
254.4 151.2
252.8 152.0
250.4 152.8
248.8 153.6
247.2 154.4
245.6 155.2
244.8 156.0
243.2 156.8
241.6 158.4
239.2 160.0
236.8 162.4
234.4 164.0
232.8 165.6
232.0 168.8
230.4 172.0
228.8 173.6
226.4 176.0
225.6 176.8
224.0 178.4
223.2 181.6
220.8 185.6
218.4 190.4
216.0 199.2
214.4 204.0
213.6 205.6
212.0 209.6
210.4 212.0
209.6 213.6
208.8 216.0
208.0 218.4
208.0 220.0
208.0 221.6
208.0 223.2
207.2 225.6
207.2 228.8
207.2 232.8
207.2 237.6
207.2 240.0
207.2 242.4
207.2 244.0
207.2 246.4
207.2 248.0
207.2 249.6
207.2 251.2
207.2 253.6
207.2 255.2
207.2 258.4
207.2 262.4
207.2 264.0
207.2 265.6
207.2 266.4
207.2 268.0
207.2 269.6
207.2 270.4
207.2 271.2
207.2 272.0
207.2 274.4
207.2 278.4
207.2 280.0
207.2 280.8
208.0 282.4
208.0 284.0
208.8 285.6
210.4 287.2
211.2 288.0
212.0 289.6
213.6 292.8
215.2 296.0
216.0 297.6
216.8 300.0
218.4 302.4
219.2 304.0
220.0 305.6
220.8 307.2
221.6 309.6
222.4 310.4
223.2 311.2
224.0 312.0
224.8 312.0
224.8 312.8
226.4 313.6
227.2 314.4
227.2 315.2
228.0 316.8
228.8 317.6
229.6 317.6
230.4 318.4
231.2 319.2
232.0 320.0
232.0 320.8
233.6 321.6
233.6 322.4
234.4 324.0
235.2 324.0
236.0 324.8
236.8 325.6
237.6 326.4
238.4 327.2
240.8 328.0
244.0 329.6
247.2 332.0
248.8 332.8
250.4 332.8
251.2 333.6
252.8 333.6
256.0 333.6
259.2 334.4
260.8 334.4
264.8 335.2
268.0 336.0
272.0 336.0
273.6 336.0
274.4 336.0
275.2 336.0
276.8 336.0
277.6 336.0
279.2 336.0
280.0 336.0
280.8 336.0
281.6 336.0
282.4 336.0
283.2 336.0
284.0 336.0
284.8 336.0
285.6 336.0
286.4 336.0
287.2 336.0
288.0 336.0
288.8 336.0
289.6 336.0
290.4 336.0
292.0 336.0
292.8 336.0
294.4 336.0
295.2 336.0
295.2 335.2
296.0 334.4
296.8 334.4
297.6 333.6
299.2 333.6
300.0 333.6
300.8 333.6
302.4 332.8
303.2 332.8
304.8 330.4
306.4 328.8
308.0 327.2
308.8 326.4
310.4 324.0
311.2 323.2
313.6 322.4
314.4 321.6
314.4 320.8
315.2 320.8
316.8 319.2
317.6 318.4
318.4 316.8
319.2 316.0
320.0 315.2
321.6 314.4
322.4 312.8
323.2 312.0
323.2 311.2
324.0 308.8
324.8 308.8
325.6 307.2
326.4 306.4
327.2 305.6
328.8 304.0
329.6 303.2
330.4 302.4
331.2 300.0
331.2 299.2
331.2 297.6
332.0 296.0
332.0 293.6
332.0 292.0
332.8 290.4
333.6 287.2
334.4 284.0
335.2 282.4
335.2 278.4
336.8 275.2
336.8 273.6
336.8 272.0
337.6 269.6
337.6 266.4
337.6 260.8
337.6 255.2
337.6 248.8
337.6 246.4
337.6 243.2
337.6 239.2
337.6 233.6
337.6 227.2
337.6 225.6
337.6 223.2
337.6 221.6
337.6 220.8
337.6 219.2
337.6 217.6
337.6 215.2
337.6 214.4
336.0 212.8
336.0 212.0
335.2 210.4
335.2 209.6
335.2 207.2
334.4 205.6
334.4 204.0
333.6 202.4
333.6 200.0
333.6 198.4
333.6 196.8
333.6 195.2
333.6 194.4
333.6 193.6
333.6 192.0
333.6 191.2
333.6 189.6
333.6 188.0
333.6 187.2
333.6 185.6
333.6 184.8
333.6 184.0
333.6 182.4
333.6 181.6
333.6 180.8
333.6 180.0
333.6 177.6
333.6 176.8
333.6 176.0
333.6 174.4
334.4 172.8
336.8 169.6
337.6 169.6
339.2 168.0
339.2 167.2
340.0 166.4
340.0 165.6
340.0 164.8
340.0 164.0
340.0 163.2
340.8 162.4
341.6 161.6
341.6 160.8
342.4 160.0
344.0 159.2
344.8 159.2
344.8 158.4
345.6 157.6
346.4 156.8
347.2 156.0
348.0 155.2
348.8 154.4
349.6 154.4
350.4 153.6
351.2 152.8
352.0 152.0
352.8 150.4
353.6 149.6
354.4 148.8
355.2 148.0
356.0 148.0
356.0 147.2
357.6 146.4
358.4 145.6
359.2 144.8
360.0 143.2
361.6 142.4
361.6 141.6
362.4 140.8
363.2 140.0
364.8 140.0
365.6 139.2
367.2 139.2
368.0 139.2
369.6 138.4
370.4 138.4
372.0 137.6
373.6 136.8
375.2 135.2
376.0 134.4
376.8 133.6
377.6 132.8
378.4 132.0
379.2 131.2
380.0 131.2
381.6 131.2
382.4 131.2
383.2 131.2
384.0 129.6
385.6 129.6
386.4 128.8
387.2 128.8
388.0 128.8
388.8 128.0
389.6 128.0
390.4 128.0
391.2 127.2
392.8 127.2
393.6 127.2
394.4 127.2
395.2 126.4
396.0 126.4
396.8 126.4
397.6 125.6
398.4 125.6
400.0 125.6
400.0 124.8
400.8 124.8
401.6 124.0
402.4 124.0
403.2 123.2
404.8 123.2
406.4 123.2
407.2 123.2
408.0 121.6
408.8 120.8
410.4 120.0
411.2 120.0
413.6 119.2
416.0 116.8
416.8 116.0
417.6 114.4
420.8 112.8
421.6 112.8
422.4 112.0
423.2 112.0
424.0 112.0
424.8 112.0
424.8 111.2
425.6 111.2
426.4 111.2
427.2 110.4
428.8 109.6
429.6 109.6
430.4 109.6
430.4 108.8
430.4 108.0
430.4 106.4
430.4 105.6
430.4 104.8
430.4 104.0
430.4 103.2
430.4 102.4
430.4 101.6
430.4 99.2
430.4 98.4
430.4 96.8
430.4 96.0
430.4 95.2
430.4 94.4
430.4 92.8
430.4 92.0
430.4 91.2
429.6 91.2
428.0 91.2
427.2 91.2
426.4 90.4
425.6 89.6
424.8 88.8
424.0 88.0
423.2 88.0
422.4 88.0
421.6 88.0
420.0 88.0
419.2 88.0
418.4 88.0
417.6 88.0
416.8 88.0
416.0 88.0
415.2 88.0
413.6 88.0
412.8 88.0
412.0 88.0
411.2 88.0
410.4 88.0
408.8 88.0
408.0 88.0
406.4 88.0
405.6 88.0
404.0 88.0
402.4 88.0
400.8 88.0
399.2 88.0
398.4 88.0
396.8 88.0
395.2 88.0
392.8 88.0
391.2 88.0
389.6 88.0
388.0 88.0
386.4 88.0
384.0 88.0
382.4 88.0
381.6 88.0
380.8 88.0
380.0 88.0
379.2 88.0
377.6 88.0
376.8 88.0
376.0 88.0
375.2 88.0
374.4 88.0
373.6 88.0
372.8 88.0
372.0 88.0
370.4 88.0
369.6 88.0
368.8 88.0
368.0 88.0
367.2 88.0
366.4 88.8
365.6 88.8
363.2 88.8
360.0 90.4
358.4 90.4
356.8 91.2
354.4 92.0
352.0 92.8
350.4 95.2
348.8 96.0
346.4 96.8
344.8 96.8
343.2 97.6
341.6 98.4
337.6 100.0
333.6 102.4
333.6 103.2
332.8 104.0
331.2 104.0
329.6 104.8
328.8 105.6
327.2 106.4
326.4 107.2
325.6 108.0
324.0 109.6
323.2 110.4
322.4 111.2
321.6 111.2
320.8 112.0
320.0 112.0
319.2 112.8
318.4 112.8
318.4 113.6
317.6 113.6
317.6 114.4
316.8 115.2
316.0 116.0
315.2 116.8
314.4 116.8
313.6 117.6
312.8 118.4
312.0 118.4
312.0 119.2
311.2 119.2
311.2 120.0
309.6 120.0
309.6 120.8
308.8 120.8
308.0 121.6
307.2 121.6
307.2 122.4
306.4 124.0
306.4 124.8
305.6 125.6
305.6 126.4
304.8 126.4
304.8 127.2
304.0 128.0
304.0 128.8
304.0 129.6
304.0 130.4
302.4 132.8
301.6 132.8
300.8 133.6
300.8 134.4
300.0 135.2
299.2 136.0
298.4 136.8
298.4 137.6
297.6 138.4
297.6 139.2
296.8 140.0
296.8 140.8
296.8 141.6
296.8 142.4
295.2 142.4
295.2 143.2
295.2 144.0
295.2 145.6
294.4 145.6
294.4 146.4
293.6 146.4
292.8 146.4
292.0 147.2
292.0 148.0
